0 0.123028 0.155340 0.088328 0.135922
0 0.234227 0.135922 0.077287 0.062136
0 0.332808 0.129126 0.069401 0.060194
0 0.404574 0.166990 0.052050 0.104854
0 0.354101 0.205825 0.061514 0.069903
0 0.559937 0.167961 0.066246 0.079612
0 0.550473 0.095146 0.066246 0.058252
0 0.772871 0.121359 0.037855 0.060194
0 0.793375 0.206796 0.044164 0.087379
0 0.899054 0.241748 0.050473 0.083495
0 0.750000 0.326214 0.045741 0.062136
0 0.664826 0.282524 0.064669 0.052427
0 0.607256 0.334951 0.069401 0.044660
0 0.677445 0.345631 0.048896 0.027184
0 0.738170 0.403883 0.082019 0.066019
0 0.570978 0.446602 0.056782 0.077670
0 0.582808 0.523301 0.036278 0.064078
0 0.649842 0.560194 0.069401 0.091262
0 0.697950 0.466990 0.077287 0.033010
0 0.641956 0.477670 0.034700 0.081553
0 0.488170 0.359223 0.083596 0.038835
0 0.522082 0.308738 0.072555 0.042718
0 0.457413 0.441748 0.072555 0.087379
0 0.368297 0.409709 0.048896 0.066019
0 0.346215 0.458252 0.064669 0.023301
0 0.292587 0.449515 0.033123 0.102913
0 0.221609 0.386408 0.077287 0.050485
0 0.138801 0.405825 0.085174 0.042718
0 0.156151 0.324272 0.094637 0.034951
0 0.041798 0.342718 0.055205 0.079612
0 0.402208 0.588350 0.069401 0.081553
0 0.354890 0.717476 0.050473 0.106796
0 0.262618 0.719417 0.052050 0.118447
0 0.122240 0.853398 0.105678 0.067961
0 0.304416 0.874757 0.066246 0.102913
0 0.367508 0.866990 0.041009 0.099029
0 0.431388 0.917476 0.077287 0.040777
0 0.479495 0.809709 0.082019 0.085437
0 0.454259 0.685437 0.104101 0.050485
0 0.576498 0.726214 0.074132 0.073786
0 0.603312 0.770874 0.070978 0.054369
0 0.671136 0.748544 0.089905 0.036893
0 0.652208 0.619417 0.052050 0.066019
0 0.678233 0.675728 0.047319 0.085437
0 0.843849 0.605825 0.078864 0.038835
0 0.805205 0.532039 0.045741 0.069903
0 0.916404 0.409709 0.059937 0.077670
0 0.876972 0.562136 0.037855 0.083495
0 0.895110 0.648544 0.055205 0.058252
0 0.895110 0.824272 0.045741 0.095146
0 0.692429 0.797087 0.059937 0.075728
0 0.643533 0.858252 0.082019 0.050485
0 0.608044 0.878641 0.067823 0.064078
0 0.755521 0.867961 0.094637 0.038835
0 0.856467 0.881553 0.069401 0.046602
0 0.905363 0.923301 0.050473 0.064078
0 0.966877 0.845631 0.053628 0.102913
0 0.037066 0.668932 0.042587 0.067961
0 0.470820 0.036893 0.067823 0.069903
0 0.068612 0.444660 0.070978 0.069903
0 0.763407 0.047573 0.037855 0.083495
0 0.213722 0.049515 0.070978 0.036893
