0 0.132492 0.046693 0.138802 0.120388
0 0.274448 0.120623 0.1041 0.209708
0 0.173502 0.198444 0.123028 0.139806
0 0.586751 0.124514 0.132492 0.159224
0 0.794953 0.354086 0.129338 0.104854
0 0.681388 0.459144 0.138802 0.08932
0 0.820189 0.478599 0.097792 0.054368
0 0.608833 0.684825 0.113564 0.15534
0 0.630915 0.836576 0.072556 0.128156
0 0.750789 0.747082 0.0694 0.163106
0 0.44164 0.505837 0.167192 0.07767
0 0.507886 0.40856 0.14511 0.085436
0 0.378549 0.673152 0.14511 0.174758
0 0.201893 0.610895 0.097792 0.132038
0 0.157729 0.70428 0.129338 0.046602
0 0.050473 0.688716 0.066246 0.205826