0 0.536278 0.054475 0.113564 0.15534
0 0.55836 0.206226 0.072556 0.128156
0 0.690852 0.280156 0.138802 0.182524
0 0.788644 0.093385 0.154574 0.06602
0 0.678233 0.116732 0.0694 0.163106
0 0.305994 0.042802 0.14511 0.174758
0 0.085174 0.07393 0.129338 0.046602
0 0.195584 0.338521 0.138802 0.163106
0 0.104101 0.595331 0.100946 0.213592
0 0.350158 0.782101 0.164038 0.170874
0 0.302839 0.533074 0.208202 0.10097
0 0.545741 0.614786 0.148264 0.147572
0 0.599369 0.70428 0.141956 0.108738
0 0.735016 0.657588 0.17981 0.073786
0 0.697161 0.396887 0.1041 0.132038
0 0.747634 0.509728 0.094638 0.170874
0 0.776025 0.754864 0.119874 0.151456
0 0.678233 0.875486 0.164038 0.10097