0 0.769716 0.007782 0.088328 0.174758
0 0.684543 0.249027 0.091482 0.124272
0 0.514196 0.159533 0.129338 0.104854
0 0.400631 0.264591 0.138802 0.08932
0 0.539432 0.284047 0.097792 0.054368
0 0.659306 0.400778 0.164038 0.132038
0 0.328076 0.490272 0.113564 0.15534
0 0.350158 0.642023 0.072556 0.128156
0 0.48265 0.715953 0.138802 0.182524
0 0.580442 0.529183 0.154574 0.06602
0 0.470032 0.552529 0.0694 0.163106
0 0.160883 0.311284 0.167192 0.07767
0 0.227129 0.214008 0.14511 0.085436
0 0.097792 0.478599 0.14511 0.174758
0 0.488959 0.832685 0.1041 0.132038
0 0.794953 0.661479 0.091482 0.139806