0 0.55205 0.120623 0.113564 0.15534
0 0.574132 0.272374 0.072556 0.128156
0 0.706625 0.346304 0.138802 0.182524
0 0.804416 0.159533 0.154574 0.06602
0 0.694006 0.182879 0.0694 0.163106
0 0.321767 0.108949 0.14511 0.174758
0 0.14511 0.046693 0.097792 0.132038
0 0.100946 0.140078 0.129338 0.046602
0 0.211356 0.404669 0.138802 0.163106
0 0.119874 0.661479 0.100946 0.213592
0 0.318612 0.599222 0.208202 0.10097
0 0.561514 0.680934 0.148264 0.147572
0 0.615142 0.770428 0.141956 0.108738
0 0.750789 0.723735 0.17981 0.073786
0 0.712934 0.463035 0.1041 0.132038
0 0.763407 0.575875 0.094638 0.170874
0 0.791798 0.821012 0.119874 0.151456