0 0.129338 0.027237 0.138802 0.120388
0 0.271293 0.101167 0.1041 0.209708
0 0.170347 0.178988 0.123028 0.139806
0 0.583596 0.105058 0.132492 0.159224
0 0.791798 0.33463 0.129338 0.104854
0 0.678233 0.439689 0.138802 0.08932
0 0.817035 0.459144 0.097792 0.054368
0 0.605678 0.66537 0.113564 0.15534
0 0.62776 0.817121 0.072556 0.128156
0 0.747634 0.727626 0.0694 0.163106
0 0.438486 0.486381 0.167192 0.07767
0 0.504732 0.389105 0.14511 0.085436
0 0.375394 0.653696 0.14511 0.174758
0 0.198738 0.59144 0.097792 0.132038
0 0.154574 0.684825 0.129338 0.046602
0 0.047319 0.669261 0.066246 0.205826