0 0.299685 0.108949 0.132492 0.159224
0 0.725552 0.015564 0.07571 0.120388
0 0.763407 0.18677 0.088328 0.174758
0 0.678233 0.428016 0.091482 0.124272
0 0.507886 0.338521 0.129338 0.104854
0 0.394322 0.44358 0.138802 0.08932
0 0.533123 0.463035 0.097792 0.054368
0 0.652997 0.579767 0.164038 0.132038
0 0.321767 0.669261 0.113564 0.15534
0 0.343849 0.821012 0.072556 0.128156
0 0.574132 0.708171 0.154574 0.06602
0 0.463722 0.731518 0.0694 0.163106
0 0.154574 0.490272 0.167192 0.07767
0 0.22082 0.392996 0.14511 0.085436
0 0.091483 0.657588 0.14511 0.174758
0 0.788644 0.840467 0.091482 0.139806