0 0.182965 0.284047 0.132492 0.159224
0 0.160883 0.140078 0.132492 0.116504
0 0.608833 0.190661 0.07571 0.120388
0 0.646688 0.361868 0.088328 0.174758
0 0.861199 0.431907 0.100946 0.16699
0 0.561514 0.603113 0.091482 0.124272
0 0.391167 0.513619 0.129338 0.104854
0 0.277603 0.618677 0.138802 0.08932
0 0.416404 0.638132 0.097792 0.054368
0 0.536278 0.754864 0.164038 0.132038
0 0.457413 0.883268 0.154574 0.06602
0 0.037855 0.66537 0.167192 0.07767
0 0.104101 0.568093 0.14511 0.085436
0 0.003155 0.019455 0.135646 0.139806
0 0.589905 0.042802 0.07571 0.16699