0 0.410095 0.007782 0.097792 0.054368
0 0.529968 0.124514 0.164038 0.132038
0 0.198738 0.214008 0.113564 0.15534
0 0.22082 0.365759 0.072556 0.128156
0 0.353312 0.439689 0.138802 0.182524
0 0.451104 0.252918 0.154574 0.06602
0 0.340694 0.276265 0.0694 0.163106
0 0.031546 0.035019 0.167192 0.07767
0 0.208202 0.774319 0.148264 0.147572
0 0.26183 0.863813 0.141956 0.108738
0 0.397476 0.817121 0.17981 0.073786
0 0.359621 0.55642 0.1041 0.132038
0 0.410095 0.669261 0.094638 0.170874
0 0.744479 0.529183 0.157728 0.07767
0 0.665615 0.385214 0.091482 0.139806
0 0.810726 0.44358 0.07571 0.16699
0 0.845426 0.618677 0.11041 0.116504