0 0.463722 0.038911 0.113564 0.15534
0 0.485804 0.190661 0.072556 0.128156
0 0.618297 0.264591 0.138802 0.182524
0 0.716088 0.077821 0.154574 0.06602
0 0.605678 0.101167 0.0694 0.163106
0 0.233438 0.027237 0.14511 0.174758
0 0.012618 0.058366 0.129338 0.046602
0 0.123028 0.322957 0.138802 0.163106
0 0.031546 0.579767 0.100946 0.213592
0 0.277603 0.766537 0.164038 0.170874
0 0.230284 0.51751 0.208202 0.10097
0 0.473186 0.599222 0.148264 0.147572
0 0.526814 0.688716 0.141956 0.108738
0 0.662461 0.642023 0.17981 0.073786
0 0.624606 0.381323 0.1041 0.132038
0 0.675079 0.494163 0.094638 0.170874
0 0.70347 0.7393 0.119874 0.151456
0 0.605678 0.859922 0.164038 0.10097