0 0.041009 0.136187 0.176656 0.271844
0 0.264984 0.093385 0.154574 0.124272
0 0.463722 0.081712 0.138802 0.120388
0 0.605678 0.155642 0.1041 0.209708
0 0.504732 0.233463 0.123028 0.139806
0 0.772871 0.540856 0.167192 0.07767
0 0.839117 0.44358 0.14511 0.085436
0 0.709779 0.708171 0.14511 0.174758
0 0.533123 0.645914 0.097792 0.132038
0 0.488959 0.7393 0.129338 0.046602
0 0.381703 0.723735 0.066246 0.205826
0 0.239748 0.599222 0.154574 0.10097
0 0.072555 0.634241 0.170348 0.085436
0 0.107256 0.474708 0.189274 0.069902