0 0.886435 0.015564 0.097792 0.054368
0 0.675079 0.22179 0.113564 0.15534
0 0.697161 0.373541 0.072556 0.128156
0 0.829653 0.447471 0.138802 0.182524
0 0.817035 0.284047 0.0694 0.163106
0 0.507886 0.042802 0.167192 0.07767
0 0.444795 0.210117 0.14511 0.174758
0 0.268139 0.14786 0.097792 0.132038
0 0.223975 0.241245 0.129338 0.046602
0 0.116719 0.225681 0.066246 0.205826
0 0.334385 0.505837 0.138802 0.163106
0 0.242902 0.762646 0.100946 0.213592
0 0.44164 0.700389 0.208202 0.10097
0 0.684543 0.782101 0.148264 0.147572
0 0.73817 0.871595 0.141956 0.108738
0 0.835962 0.564202 0.1041 0.132038
0 0.886435 0.677043 0.094638 0.170874