0 0.195584 0.035019 0.123028 0.139806
0 0.817035 0.190661 0.129338 0.104854
0 0.70347 0.29572 0.138802 0.08932
0 0.842271 0.315175 0.097792 0.054368
0 0.630915 0.521401 0.113564 0.15534
0 0.652997 0.673152 0.072556 0.128156
0 0.785489 0.747082 0.138802 0.182524
0 0.772871 0.583658 0.0694 0.163106
0 0.463722 0.342412 0.167192 0.07767
0 0.529968 0.245136 0.14511 0.085436
0 0.400631 0.509728 0.14511 0.174758
0 0.223975 0.447471 0.097792 0.132038
0 0.179811 0.540856 0.129338 0.046602
0 0.072555 0.525292 0.066246 0.205826
0 0.290221 0.805447 0.138802 0.163106
0 0.791798 0.863813 0.1041 0.132038