0 0.050473 0.18677 0.138802 0.120388
0 0.192429 0.2607 0.1041 0.209708
0 0.091483 0.338521 0.123028 0.139806
0 0.504732 0.264591 0.132492 0.159224
0 0.48265 0.120623 0.132492 0.116504
0 0.883281 0.583658 0.091482 0.124272
0 0.712934 0.494163 0.129338 0.104854
0 0.599369 0.599222 0.138802 0.08932
0 0.73817 0.618677 0.097792 0.054368
0 0.526814 0.824903 0.113564 0.15534
0 0.77918 0.863813 0.154574 0.06602
0 0.359621 0.645914 0.167192 0.07767
0 0.425868 0.548638 0.14511 0.085436
0 0.29653 0.81323 0.14511 0.174758
0 0.119874 0.750973 0.097792 0.132038
0 0.07571 0.844358 0.129338 0.046602
0 0.324921 0.0 0.135646 0.139806
0 0.911672 0.023346 0.07571 0.16699