0 0.072555 0.007782 0.123028 0.139806
0 0.864353 0.252918 0.091482 0.124272
0 0.694006 0.163424 0.129338 0.104854
0 0.580442 0.268482 0.138802 0.08932
0 0.719243 0.287938 0.097792 0.054368
0 0.507886 0.494163 0.113564 0.15534
0 0.529968 0.645914 0.072556 0.128156
0 0.662461 0.719844 0.138802 0.182524
0 0.760252 0.533074 0.154574 0.06602
0 0.649842 0.55642 0.0694 0.163106
0 0.340694 0.315175 0.167192 0.07767
0 0.40694 0.217899 0.14511 0.085436
0 0.277603 0.48249 0.14511 0.174758
0 0.100946 0.420233 0.097792 0.132038
0 0.056782 0.513619 0.129338 0.046602
0 0.167192 0.77821 0.138802 0.163106
0 0.66877 0.836576 0.1041 0.132038