0 0.656151 0.128405 0.091482 0.124272
0 0.485804 0.038911 0.129338 0.104854
0 0.37224 0.143969 0.138802 0.08932
0 0.511041 0.163424 0.097792 0.054368
0 0.630915 0.280156 0.164038 0.132038
0 0.299685 0.36965 0.113564 0.15534
0 0.321767 0.521401 0.072556 0.128156
0 0.454259 0.595331 0.138802 0.182524
0 0.55205 0.40856 0.154574 0.06602
0 0.44164 0.431907 0.0694 0.163106
0 0.132492 0.190661 0.167192 0.07767
0 0.198738 0.093385 0.14511 0.085436
0 0.069401 0.357977 0.14511 0.174758
0 0.066246 0.848249 0.208202 0.10097
0 0.460568 0.712062 0.1041 0.132038
0 0.511041 0.824903 0.094638 0.170874
0 0.766562 0.540856 0.091482 0.139806
0 0.911672 0.599222 0.07571 0.16699