0 0.858044 0.031128 0.100946 0.16699
0 0.55836 0.202335 0.091482 0.124272
0 0.388013 0.11284 0.129338 0.104854
0 0.274448 0.217899 0.138802 0.08932
0 0.413249 0.237354 0.097792 0.054368
0 0.533123 0.354086 0.164038 0.132038
0 0.201893 0.44358 0.113564 0.15534
0 0.223975 0.595331 0.072556 0.128156
0 0.356467 0.669261 0.138802 0.182524
0 0.454259 0.48249 0.154574 0.06602
0 0.343849 0.505837 0.0694 0.163106
0 0.0347 0.264591 0.167192 0.07767
0 0.100946 0.167315 0.14511 0.085436
0 0.362776 0.785992 0.1041 0.132038
0 0.747634 0.758755 0.157728 0.07767
0 0.66877 0.614786 0.091482 0.139806
0 0.81388 0.673152 0.07571 0.16699
0 0.84858 0.848249 0.11041 0.116504