0 0.801262 0.077821 0.164038 0.132038
0 0.470032 0.167315 0.113564 0.15534
0 0.492114 0.319066 0.072556 0.128156
0 0.624606 0.392996 0.138802 0.182524
0 0.722397 0.206226 0.154574 0.06602
0 0.611987 0.229572 0.0694 0.163106
0 0.239748 0.155642 0.14511 0.174758
0 0.063091 0.093385 0.097792 0.132038
0 0.018927 0.18677 0.129338 0.046602
0 0.129338 0.451362 0.138802 0.163106
0 0.037855 0.708171 0.100946 0.213592
0 0.236593 0.645914 0.208202 0.10097
0 0.479495 0.727626 0.148264 0.147572
0 0.533123 0.817121 0.141956 0.108738
0 0.66877 0.770428 0.17981 0.073786
0 0.630915 0.509728 0.1041 0.132038
0 0.681388 0.622568 0.094638 0.170874