0 0.555205 0.124514 0.113564 0.15534
0 0.577287 0.276265 0.072556 0.128156
0 0.709779 0.350195 0.138802 0.182524
0 0.807571 0.163424 0.154574 0.06602
0 0.697161 0.18677 0.0694 0.163106
0 0.324921 0.11284 0.14511 0.174758
0 0.148265 0.050584 0.097792 0.132038
0 0.104101 0.143969 0.129338 0.046602
0 0.214511 0.40856 0.138802 0.163106
0 0.123028 0.66537 0.100946 0.213592
0 0.321767 0.603113 0.208202 0.10097
0 0.564669 0.684825 0.148264 0.147572
0 0.618297 0.774319 0.141956 0.108738
0 0.753943 0.727626 0.17981 0.073786
0 0.716088 0.466926 0.1041 0.132038
0 0.766562 0.579767 0.094638 0.170874
0 0.794953 0.824903 0.119874 0.151456