0 0.700315 0.07393 0.088328 0.174758
0 0.615142 0.315175 0.091482 0.124272
0 0.444795 0.225681 0.129338 0.104854
0 0.33123 0.330739 0.138802 0.08932
0 0.470032 0.350195 0.097792 0.054368
0 0.589905 0.466926 0.164038 0.132038
0 0.258675 0.55642 0.113564 0.15534
0 0.280757 0.708171 0.072556 0.128156
0 0.413249 0.782101 0.138802 0.182524
0 0.511041 0.595331 0.154574 0.06602
0 0.400631 0.618677 0.0694 0.163106
0 0.091483 0.377432 0.167192 0.07767
0 0.157729 0.280156 0.14511 0.085436
0 0.028391 0.544747 0.14511 0.174758
0 0.804416 0.871595 0.157728 0.07767
0 0.725552 0.727626 0.091482 0.139806
0 0.870662 0.785992 0.07571 0.16699