0 0.182965 0.11284 0.132492 0.159224
0 0.608833 0.019455 0.07571 0.120388
0 0.646688 0.190661 0.088328 0.174758
0 0.861199 0.2607 0.100946 0.16699
0 0.561514 0.431907 0.091482 0.124272
0 0.391167 0.342412 0.129338 0.104854
0 0.277603 0.447471 0.138802 0.08932
0 0.416404 0.466926 0.097792 0.054368
0 0.536278 0.583658 0.164038 0.132038
0 0.205047 0.673152 0.113564 0.15534
0 0.227129 0.824903 0.072556 0.128156
0 0.457413 0.712062 0.154574 0.06602
0 0.347003 0.735409 0.0694 0.163106
0 0.037855 0.494163 0.167192 0.07767
0 0.104101 0.396887 0.14511 0.085436
0 0.671924 0.844358 0.091482 0.139806