0 0.236593 0.003891 0.132492 0.159224
0 0.700315 0.081712 0.088328 0.174758
0 0.615142 0.322957 0.091482 0.124272
0 0.444795 0.233463 0.129338 0.104854
0 0.33123 0.338521 0.138802 0.08932
0 0.470032 0.357977 0.097792 0.054368
0 0.589905 0.474708 0.164038 0.132038
0 0.258675 0.564202 0.113564 0.15534
0 0.280757 0.715953 0.072556 0.128156
0 0.413249 0.789883 0.138802 0.182524
0 0.511041 0.603113 0.154574 0.06602
0 0.400631 0.626459 0.0694 0.163106
0 0.091483 0.385214 0.167192 0.07767
0 0.157729 0.287938 0.14511 0.085436
0 0.028391 0.552529 0.14511 0.174758
0 0.804416 0.879377 0.157728 0.07767
0 0.725552 0.735409 0.091482 0.139806
0 0.870662 0.793774 0.07571 0.16699