0 0.037855 0.225681 0.138802 0.120388
0 0.179811 0.299611 0.1041 0.209708
0 0.078864 0.377432 0.123028 0.139806
0 0.492114 0.303502 0.132492 0.159224
0 0.470032 0.159533 0.132492 0.116504
0 0.917981 0.210117 0.07571 0.120388
0 0.870662 0.622568 0.091482 0.124272
0 0.700315 0.533074 0.129338 0.104854
0 0.586751 0.638132 0.138802 0.08932
0 0.725552 0.657588 0.097792 0.054368
0 0.766562 0.902724 0.154574 0.06602
0 0.347003 0.684825 0.167192 0.07767
0 0.413249 0.587549 0.14511 0.085436
0 0.107256 0.789883 0.097792 0.132038
0 0.063091 0.883268 0.129338 0.046602
0 0.312303 0.038911 0.135646 0.139806
0 0.899054 0.062257 0.07571 0.16699