0 0.40694 0.120623 0.072556 0.128156
0 0.539432 0.194553 0.138802 0.182524
0 0.637224 0.007782 0.154574 0.06602
0 0.526814 0.031128 0.0694 0.163106
0 0.044164 0.252918 0.138802 0.163106
0 0.104101 0.910506 0.154574 0.081554
0 0.198738 0.696498 0.164038 0.170874
0 0.15142 0.447471 0.208202 0.10097
0 0.394322 0.529183 0.148264 0.147572
0 0.44795 0.618677 0.141956 0.108738
0 0.583596 0.571984 0.17981 0.073786
0 0.545741 0.311284 0.1041 0.132038
0 0.596215 0.424125 0.094638 0.170874
0 0.851735 0.140078 0.091482 0.139806
0 0.624606 0.669261 0.119874 0.151456
0 0.526814 0.789883 0.164038 0.10097
0 0.457413 0.832685 0.135646 0.128156
0 0.753943 0.809339 0.189274 0.07767