0 0.507886 0.058366 0.072556 0.128156
0 0.640379 0.132296 0.138802 0.182524
0 0.14511 0.190661 0.138802 0.163106
0 0.053628 0.447471 0.100946 0.213592
0 0.078864 0.747082 0.082018 0.198058
0 0.205047 0.848249 0.154574 0.081554
0 0.299685 0.634241 0.164038 0.170874
0 0.252366 0.385214 0.208202 0.10097
0 0.495268 0.466926 0.148264 0.147572
0 0.548896 0.55642 0.141956 0.108738
0 0.684543 0.509728 0.17981 0.073786
0 0.646688 0.249027 0.1041 0.132038
0 0.697161 0.361868 0.094638 0.170874
0 0.725552 0.607004 0.119874 0.151456
0 0.62776 0.727626 0.164038 0.10097
0 0.55836 0.770428 0.135646 0.128156