0 0.709779 0.077821 0.138802 0.08932
0 0.84858 0.097276 0.097792 0.054368
0 0.637224 0.303502 0.113564 0.15534
0 0.659306 0.455253 0.072556 0.128156
0 0.791798 0.529183 0.138802 0.182524
0 0.77918 0.365759 0.0694 0.163106
0 0.470032 0.124514 0.167192 0.07767
0 0.536278 0.027237 0.14511 0.085436
0 0.40694 0.291829 0.14511 0.174758
0 0.230284 0.229572 0.097792 0.132038
0 0.18612 0.322957 0.129338 0.046602
0 0.078864 0.307393 0.066246 0.205826
0 0.29653 0.587549 0.138802 0.163106
0 0.403785 0.782101 0.208202 0.10097
0 0.798107 0.645914 0.1041 0.132038
0 0.84858 0.758755 0.094638 0.170874