0 0.290221 0.023346 0.1041 0.209708
0 0.189274 0.101167 0.123028 0.139806
0 0.602524 0.027237 0.132492 0.159224
0 0.810726 0.256809 0.129338 0.104854
0 0.697161 0.361868 0.138802 0.08932
0 0.835962 0.381323 0.097792 0.054368
0 0.624606 0.587549 0.113564 0.15534
0 0.646688 0.7393 0.072556 0.128156
0 0.77918 0.81323 0.138802 0.182524
0 0.766562 0.649805 0.0694 0.163106
0 0.457413 0.40856 0.167192 0.07767
0 0.523659 0.311284 0.14511 0.085436
0 0.394322 0.575875 0.14511 0.174758
0 0.217666 0.513619 0.097792 0.132038
0 0.173502 0.607004 0.129338 0.046602
0 0.066246 0.59144 0.066246 0.205826