0 0.59306 0.011673 0.138802 0.08932
0 0.731861 0.031128 0.097792 0.054368
0 0.520505 0.237354 0.113564 0.15534
0 0.542587 0.389105 0.072556 0.128156
0 0.675079 0.463035 0.138802 0.182524
0 0.772871 0.276265 0.154574 0.06602
0 0.662461 0.299611 0.0694 0.163106
0 0.353312 0.058366 0.167192 0.07767
0 0.290221 0.225681 0.14511 0.174758
0 0.113565 0.163424 0.097792 0.132038
0 0.069401 0.256809 0.129338 0.046602
0 0.179811 0.521401 0.138802 0.163106
0 0.088328 0.77821 0.100946 0.213592
0 0.287066 0.715953 0.208202 0.10097
0 0.529968 0.797665 0.148264 0.147572
0 0.583596 0.88716 0.141956 0.108738
0 0.719243 0.840467 0.17981 0.073786
0 0.681388 0.579767 0.1041 0.132038
0 0.731861 0.692607 0.094638 0.170874