0 0.126183 0.081712 0.132492 0.159224
0 0.589905 0.159533 0.088328 0.174758
0 0.804416 0.229572 0.100946 0.16699
0 0.504732 0.400778 0.091482 0.124272
0 0.334385 0.311284 0.129338 0.104854
0 0.22082 0.416342 0.138802 0.08932
0 0.359621 0.435798 0.097792 0.054368
0 0.479495 0.552529 0.164038 0.132038
0 0.148265 0.642023 0.113564 0.15534
0 0.170347 0.793774 0.072556 0.128156
0 0.400631 0.680934 0.154574 0.06602
0 0.290221 0.70428 0.0694 0.163106
0 0.047319 0.365759 0.14511 0.085436
0 0.615142 0.81323 0.091482 0.139806
0 0.839117 0.568093 0.119874 0.15534