0 0.725552 0.081712 0.113564 0.15534
0 0.747634 0.233463 0.072556 0.128156
0 0.867508 0.143969 0.0694 0.163106
0 0.495268 0.070039 0.14511 0.174758
0 0.318612 0.007782 0.097792 0.132038
0 0.274448 0.101167 0.129338 0.046602
0 0.167192 0.085603 0.066246 0.205826
0 0.384858 0.365759 0.138802 0.163106
0 0.293375 0.622568 0.100946 0.213592
0 0.107256 0.626459 0.1041 0.236894
0 0.539432 0.809339 0.164038 0.170874
0 0.492114 0.560311 0.208202 0.10097
0 0.735016 0.642023 0.148264 0.147572
0 0.788644 0.731518 0.141956 0.108738
0 0.886435 0.424125 0.1041 0.132038