0 0.630915 0.015564 0.138802 0.08932
0 0.769716 0.035019 0.097792 0.054368
0 0.55836 0.241245 0.113564 0.15534
0 0.580442 0.392996 0.072556 0.128156
0 0.712934 0.466926 0.138802 0.182524
0 0.810726 0.280156 0.154574 0.06602
0 0.700315 0.303502 0.0694 0.163106
0 0.391167 0.062257 0.167192 0.07767
0 0.328076 0.229572 0.14511 0.174758
0 0.15142 0.167315 0.097792 0.132038
0 0.107256 0.2607 0.129338 0.046602
0 0.0 0.245136 0.066246 0.205826
0 0.217666 0.525292 0.138802 0.163106
0 0.126183 0.782101 0.100946 0.213592
0 0.324921 0.719844 0.208202 0.10097
0 0.567823 0.801556 0.148264 0.147572
0 0.757098 0.844358 0.17981 0.073786
0 0.719243 0.583658 0.1041 0.132038
0 0.769716 0.696498 0.094638 0.170874