0 0.192429 0.058366 0.1041 0.209708
0 0.091483 0.136187 0.123028 0.139806
0 0.504732 0.062257 0.132492 0.159224
0 0.883281 0.381323 0.091482 0.124272
0 0.712934 0.291829 0.129338 0.104854
0 0.599369 0.396887 0.138802 0.08932
0 0.73817 0.416342 0.097792 0.054368
0 0.526814 0.622568 0.113564 0.15534
0 0.548896 0.774319 0.072556 0.128156
0 0.77918 0.661479 0.154574 0.06602
0 0.66877 0.684825 0.0694 0.163106
0 0.359621 0.44358 0.167192 0.07767
0 0.425868 0.346304 0.14511 0.085436
0 0.29653 0.610895 0.14511 0.174758
0 0.119874 0.548638 0.097792 0.132038
0 0.07571 0.642023 0.129338 0.046602