0 0.239748 0.0 0.132492 0.159224
0 0.70347 0.077821 0.088328 0.174758
0 0.618297 0.319066 0.091482 0.124272
0 0.44795 0.229572 0.129338 0.104854
0 0.334385 0.33463 0.138802 0.08932
0 0.473186 0.354086 0.097792 0.054368
0 0.59306 0.470817 0.164038 0.132038
0 0.26183 0.560311 0.113564 0.15534
0 0.283912 0.712062 0.072556 0.128156
0 0.416404 0.785992 0.138802 0.182524
0 0.514196 0.599222 0.154574 0.06602
0 0.403785 0.622568 0.0694 0.163106
0 0.094637 0.381323 0.167192 0.07767
0 0.160883 0.284047 0.14511 0.085436
0 0.031546 0.548638 0.14511 0.174758
0 0.807571 0.875486 0.157728 0.07767
0 0.728707 0.731518 0.091482 0.139806
0 0.873817 0.789883 0.07571 0.16699