0 0.009464 0.062257 0.176656 0.271844
0 0.233438 0.019455 0.154574 0.124272
0 0.432177 0.007782 0.138802 0.120388
0 0.574132 0.081712 0.1041 0.209708
0 0.473186 0.159533 0.123028 0.139806
0 0.741325 0.466926 0.167192 0.07767
0 0.807571 0.36965 0.14511 0.085436
0 0.678233 0.634241 0.14511 0.174758
0 0.501577 0.571984 0.097792 0.132038
0 0.457413 0.66537 0.129338 0.046602
0 0.350158 0.649805 0.066246 0.205826
0 0.208202 0.525292 0.154574 0.10097
0 0.041009 0.560311 0.170348 0.085436
0 0.07571 0.400778 0.189274 0.069902