0 0.041009 0.046693 0.123028 0.139806
0 0.832808 0.291829 0.091482 0.124272
0 0.662461 0.202335 0.129338 0.104854
0 0.548896 0.307393 0.138802 0.08932
0 0.687697 0.326848 0.097792 0.054368
0 0.807571 0.44358 0.164038 0.132038
0 0.476341 0.533074 0.113564 0.15534
0 0.498423 0.684825 0.072556 0.128156
0 0.630915 0.758755 0.138802 0.182524
0 0.728707 0.571984 0.154574 0.06602
0 0.618297 0.595331 0.0694 0.163106
0 0.309148 0.354086 0.167192 0.07767
0 0.375394 0.256809 0.14511 0.085436
0 0.246057 0.521401 0.14511 0.174758
0 0.069401 0.459144 0.097792 0.132038
0 0.025237 0.552529 0.129338 0.046602
0 0.135647 0.817121 0.138802 0.163106